Suburb,Address,Description,Price,Amenities,Type,Date,Insights,Schools,URL,Profile,Performance
dandenong-vic-3175,23 Sarona Street Dandenong VIC 3175,"Attention: First Home Buyers/Developers!
Located in a quiet street on the Central/East side within walking distance to St John's College, Primary Schools and the city centre, this solid family home has lots of options.
Features three large bedrooms, formal lounge and dining areas, kitchen/meals area and separate rumpus room.
The home is set on a block in excess of 800m2 and would be ideal for the construction of a second dwelling at the rear (STCA).
The home requires your decorative skills and imagination to put your own stamp on it.
A great opportunity to secure great position and potential!
BRING YOUR PAINTBRUSH!","SOLD - $630,000","3
Beds
1
Bath
2
Parking
800m²",House,Sold at auction 1 Feb 2020,"23 Sarona Street, Dandenong VIC 3175 was last sold in 2020 and 123 other 3 bedroom house in Dandenong have recently been sold.","ALL
PRIMARY
SECONDARY
PRIVATE
GOVERNMENT SCHOOL CATCHMENT
Dandenong Primary School
0.7 km away
Prep-6CoEdGovernment
View Catchment
Doveton College
1.5 km away
U, Prep-9CoEdGovernment
View Catchment
Dandenong High School
1.7 km away
7-12CoEdGovernment
View Catchment
Southern Autistic School
15.9 km away
UCoEdGovernment
View Catchment
INDEPENDENT SCHOOLS
St Mary’s College for the Deaf – Dandenong Campus
0.5 km away
Catholic
More Info
St John's Regional College
0.5 km away
7-12CoEdCatholic
More Info
St Mary's School
0.8 km away
Prep-6CoEdCatholic
More Info
Maranatha Christian School - Doveton Campus
0.9 km away
Private
More Info
Ilim College - Doveton Campus
0.9 km away
Private
More Info
Holy Family School
1.1 km away
Prep-6CoEdCatholic
More Info
SEDA College (Victoria) - AFL Dandenong Campus - Dandenong Oasis
1.8 km away
Private
More Info
SEDA College (Victoria) - Building and Construction - Dandenong
2.2 km away
Private
More Info
St Gerard's School
2.5 km away
Prep-6CoEdCatholic
More Info
SEDA College (Victoria) - Basketball - Dandenong
2.5 km away
Private
More Info
View less
Disclaimer",https://www.domain.com.au/23-sarona-street-dandenong-vic-3175-2015963198,"Street Profile
Sarona St, 
Dandenong VIC 3175
PROPERTIES
34
RECENTLY SOLD
3
Owner/Renter:
OWNER
: 
75%
RENTER
: 
25%
How do we calculate this estimate?
View street profile
In this street, the most recent sale of another house with 3 beds, 1 bath, 2 parking spaces was at number 23, which sold for $630k 9 months ago.
Why do prices vary in the same street?","Insights for 3 bedroom houses in Dandenong
Market performance
MEDIAN PRICE
: 
$589k
AUCTION CLEARANCE
: 
45%
SOLD THIS YEAR
: 
123
AVG DAYS ON MARKET
: 
94
*Based on 3 bedroom Houses in Dandenong
Demographics
POPULATION
: 
29,911
Occupancy: 
OWNER
: 
42%
RENTER
: 
58%
AVERAGE AGE
: 
20 to 39
Household: 
FAMILY
: 
51%
SINGLE
: 
49%
*Based on general data in Dandenong
View suburb profile"
dandenong-vic-3175,2/5 Day Street Dandenong VIC 3175,"PRIME LIVING IN SUPER CENTRAL LOCATION WITH NO BODY CORP!!
ENTRANCE IS THROUGH HIGH STREET.
Ray White is proud to present this fantastic opportunity for all First home buyers, downsizers and astute investors looking to be nestled in a highly sought-after and super central pocket of Dandenong. This well-maintained home is within a short walking distance to all amenities and provides the highly convenient and ideal lifestyle that you have been searching for.
Offering 2 very good-sized bedrooms with BIR, a spacious family area, second living area and dining/meals area. The delightful kitchen is equipped with gas cooking and an abundance of cupboard space. The main bathroom, separate toilet and laundry make up the interior of this lovely home.
Features of this home include: security shutters, ducted heating, airconditioning private courtyard, private backyard, own street frontage and private driveway.
It doesn't get more central then this walking distance to, Dandenong Market, Dandenong Plaza, Dandenong Hospital, Chisholm Institute, Multiple Pre-Schools, Primary Schools, High Schools, public transport, local shops and major arterial such as Princes Highway, Eastlink and Monash. This gem will not last long.
With the location and features like these, we would highly recommend you act soon before you see a SOLD sticker on the board!!
Call Ben Jusufi or Burak Gul for any further information!
*PHOTO I.D. REQUIRED UPON INSPECTION*
*All information contained therein is gathered from relevant third party sources. We cannot guarantee or give any warranty about the information provided. Interested parties must rely solely on their own enquiries.","SOLD - $477,000","2
Beds
1
Bath
1
Parking
273m²",Apartment / Unit / Flat,Sold by private treaty 31 Jan 2020,"2/5 Day Street, Dandenong VIC 3175 was last sold in 2020 and 124 other 2 bedroom unit in Dandenong have recently been sold.","ALL
PRIMARY
SECONDARY
PRIVATE
GOVERNMENT SCHOOL CATCHMENT
Dandenong High School
0.2 km away
7-12CoEdGovernment
View Catchment
Dandenong North Primary School
0.6 km away
Prep-6CoEdGovernment
View Catchment
Southern Autistic School
14.4 km away
UCoEdGovernment
View Catchment
INDEPENDENT SCHOOLS
St Gerard's School
1.1 km away
Prep-6CoEdCatholic
More Info
SEDA College (Victoria) - AFL Dandenong Campus - Dandenong Oasis
1.2 km away
Private
More Info
SEDA College (Victoria) - Building and Construction - Dandenong
1.3 km away
Private
More Info
St Mary's School
1.4 km away
Prep-6CoEdCatholic
More Info
St John's Regional College
1.7 km away
7-12CoEdCatholic
More Info
St Mary’s College for the Deaf – Dandenong Campus
1.8 km away
Catholic
More Info
Berry Street School
1.8 km away
7-12CoEdPrivate
More Info
SEDA College (Victoria) - Basketball - Dandenong
2.2 km away
Private
More Info
Ilim College - Doveton Campus
2.3 km away
Private
More Info
Maranatha Christian School - Doveton Campus
2.4 km away
Private
More Info
View less
Disclaimer",https://www.domain.com.au/2-5-day-street-dandenong-vic-3175-2016003618,"Building & Street Profiles
BUILDING
STREET
5 Day St, 
Dandenong VIC 3175
PROPERTIES
4
RECENTLY SOLD
1
Owner/Renter:
OWNER
: 
75%
RENTER
: 
25%
How do we calculate this estimate?
View building profile
In this building, the most recent sale of another unit with 2 beds, 1 bath, 1 parking space was unit 2, which sold for $477k 9 months ago.
Why do prices vary in the same building?","Insights for 2 bedroom units in Dandenong
Market performance
MEDIAN PRICE
: 
$311k
AUCTION CLEARANCE
: 
70%
SOLD THIS YEAR
: 
124
AVG DAYS ON MARKET
: 
124
*Based on 2 bedroom Units in Dandenong
Demographics
POPULATION
: 
29,911
Occupancy: 
OWNER
: 
42%
RENTER
: 
58%
AVERAGE AGE
: 
20 to 39
Household: 
FAMILY
: 
51%
SINGLE
: 
49%
*Based on general data in Dandenong
View suburb profile"
dandenong-vic-3175,1/41 Potter Street Dandenong VIC 3175,"A Hidden Gem
Harcourts Dandenong is proud to present you with this fantastic opportunity for all First home buyers, downsizing and astute investors looking to be nestled in a highly sought-after pocket of Dandenong. This well-maintained home is within a short distance to all amenities and provides the convenient and ideal lifestyle you have been searching for.
This property features:
- 2 spacious bedrooms with BIR's
- Separate kitchen and living area
- Reverse split system for air-conditioning
Additional features of the property includes a outdoor balcony and a allocated car park space.
Walking distance to Dandenong Train Station, Dandenong Plaza, Dandenong Market, Dandenong West Primary School, Dandenong Hospital, public transport, recreational facilities, freeway access and all that Dandenong has to offer. No car is needed here being in the heart of Dandenong.
Don't miss this opportunity to purchase this prime opportunity
Internal area
64m²","SOLD - $261,300","2
Beds
1
Bath
1
Parking",Apartment / Unit / Flat,Sold by private treaty 30 Jan 2020,"1/41 Potter Street, Dandenong VIC 3175 was last sold in 2020 and 124 other 2 bedroom unit in Dandenong have recently been sold.","ALL
PRIMARY
SECONDARY
PRIVATE
GOVERNMENT SCHOOL CATCHMENT
Dandenong High School
0.4 km away
7-12CoEdGovernment
View Catchment
Dandenong West Primary School
0.5 km away
Prep-6CoEdGovernment
View Catchment
Southern Autistic School
14 km away
UCoEdGovernment
View Catchment
INDEPENDENT SCHOOLS
SEDA College (Victoria) - Building and Construction - Dandenong
0.9 km away
Private
More Info
St Gerard's School
1.2 km away
Prep-6CoEdCatholic
More Info
Berry Street School
1.4 km away
7-12CoEdPrivate
More Info
SEDA College (Victoria) - AFL Dandenong Campus - Dandenong Oasis
1.6 km away
Private
More Info
St Mary's School
1.6 km away
Prep-6CoEdCatholic
More Info
St John's Regional College
2 km away
7-12CoEdCatholic
More Info
St Mary’s College for the Deaf – Dandenong Campus
2.1 km away
Catholic
More Info
SEDA College (Victoria) - Basketball - Dandenong
2.7 km away
Private
More Info
Ilim College - Doveton Campus
2.8 km away
Private
More Info
Maranatha Christian School - Doveton Campus
2.8 km away
Private
More Info
View less
Disclaimer",https://www.domain.com.au/1-41-potter-street-dandenong-vic-3175-2015996038,"Building & Street Profiles
BUILDING
STREET
41 Potter St, 
Dandenong VIC 3175
PROPERTIES
8
RECENTLY SOLD
3
Owner/Renter:
OWNER
: 
50%
RENTER
: 
50%
How do we calculate this estimate?
View building profile
In this building, the most recent sale of another unit with 2 beds, 1 bath, 1 parking space was unit 4, which sold for $270k 7 months ago.
Why do prices vary in the same building?","Insights for 2 bedroom units in Dandenong
Market performance
MEDIAN PRICE
: 
$311k
AUCTION CLEARANCE
: 
70%
SOLD THIS YEAR
: 
124
AVG DAYS ON MARKET
: 
124
*Based on 2 bedroom Units in Dandenong
Demographics
POPULATION
: 
29,911
Occupancy: 
OWNER
: 
42%
RENTER
: 
58%
AVERAGE AGE
: 
20 to 39
Household: 
FAMILY
: 
51%
SINGLE
: 
49%
*Based on general data in Dandenong
View suburb profile"
dandenong-vic-3175,7/55-57 Hammond Road Dandenong VIC 3175,"VALUE PACKED TOWNHOUSE
At the rear of complex this spacious 3 bed unit offers excellent value as 1st home or investment. Offers separate lounge, laminated kitchen with electric oven, gas hotplates & dishwasher. Adjacent large family room opens to private garden. Upstairs are 3 bedrooms with BIR's & ensuite to master. Porcelain tiles downstairs & carpet to bedrooms. Includes ducted heating & air conditioner upstairs. Large garage plus extra parking space.","SOLD - $455,000","3
Beds
2
Baths
1
Parking",Townhouse,Sold by private treaty 28 Jan 2020,"7/55-57 Hammond Road, Dandenong VIC 3175 was last sold in 2020 and 123 other 3 bedroom house in Dandenong have recently been sold.","ALL
PRIMARY
SECONDARY
PRIVATE
GOVERNMENT SCHOOL CATCHMENT
Dandenong South Primary School
0.3 km away
Prep-6CoEdGovernment
View Catchment
Dandenong High School
1.9 km away
7-12CoEdGovernment
View Catchment
Yarrabah School
10.1 km away
UCoEdGovernment
View Catchment
Southern Autistic School
15.1 km away
UCoEdGovernment
View Catchment
INDEPENDENT SCHOOLS
SEDA College (Victoria) - Building and Construction - Dandenong
1 km away
Private
More Info
St Mary's School
1.2 km away
Prep-6CoEdCatholic
More Info
St John's Regional College
1.6 km away
7-12CoEdCatholic
More Info
St Mary’s College for the Deaf – Dandenong Campus
1.7 km away
Catholic
More Info
Berry Street School
2.4 km away
7-12CoEdPrivate
More Info
Maranatha Christian School - Doveton Campus
2.6 km away
Private
More Info
Holy Family School
2.6 km away
Prep-6CoEdCatholic
More Info
Ilim College - Doveton Campus
2.8 km away
Private
More Info
St Gerard's School
2.8 km away
Prep-6CoEdCatholic
More Info
SEDA College (Victoria) - AFL Dandenong Campus - Dandenong Oasis
2.9 km away
Private
More Info
View less
Disclaimer",https://www.domain.com.au/7-55-57-hammond-road-dandenong-vic-3175-2015898952,"Building & Street Profiles
BUILDING
STREET
55-57 Hammond Rd, 
Dandenong VIC 3175
PROPERTIES
11
RECENTLY SOLD
1
Owner/Renter:
OWNER
: 
65%
RENTER
: 
35%
How do we calculate this estimate?
View building profile
In this building, the most recent sale of another townhouse with 3 beds, 2 baths, 1 parking space was number 7, which sold for $455k 9 months ago.
Why do prices vary in the same building?","Insights for 3 bedroom houses in Dandenong
Market performance
MEDIAN PRICE
: 
$589k
AUCTION CLEARANCE
: 
45%
SOLD THIS YEAR
: 
123
AVG DAYS ON MARKET
: 
94
*Based on 3 bedroom Houses in Dandenong
Demographics
POPULATION
: 
29,911
Occupancy: 
OWNER
: 
42%
RENTER
: 
58%
AVERAGE AGE
: 
20 to 39
Household: 
FAMILY
: 
51%
SINGLE
: 
49%
*Based on general data in Dandenong
View suburb profile"
dandenong-vic-3175,2 Steven Street Dandenong VIC 3175,"Nest or Invest!
Harcourts Dandenong proudly presents you the opportunity for you to secure this young, beautiful 2 bedroom townhouse with a well maintained and superbly located in a highly sought after pocket in the Heart of Dandenong. An opportunity like this don't come often at an affordable price.
Features Including;
- Open plan kitchen and living
- 2 spacious bedrooms
- Stainless steel appliances with gas cook top
-Designated living and meal areas
- Ducted Heating
Located within minutes to Dandenong plaza, high schools, station, buses, Princes Hwy and Dandenong Bypass for easy commuting.
Looking to invest or nest its one of the best.","SOLD - $370,000","2
Beds
1
Bath
1
Parking",Apartment / Unit / Flat,Sold by private treaty 28 Jan 2020,124 other 2 bedroom unit in Dandenong have recently been sold.,"ALL
PRIMARY
SECONDARY
PRIVATE
GOVERNMENT SCHOOL CATCHMENT
Dandenong West Primary School
1.1 km away
Prep-6CoEdGovernment
View Catchment
Dandenong High School
1.4 km away
7-12CoEdGovernment
View Catchment
Yarrabah School
9.5 km away
UCoEdGovernment
View Catchment
Southern Autistic School
14.1 km away
UCoEdGovernment
View Catchment
INDEPENDENT SCHOOLS
SEDA College (Victoria) - Building and Construction - Dandenong
0.2 km away
Private
More Info
Berry Street School
1.4 km away
7-12CoEdPrivate
More Info
St Mary's School
1.7 km away
Prep-6CoEdCatholic
More Info
St Gerard's School
2.2 km away
Prep-6CoEdCatholic
More Info
St John's Regional College
2.2 km away
7-12CoEdCatholic
More Info
St Mary’s College for the Deaf – Dandenong Campus
2.3 km away
Catholic
More Info
SEDA College (Victoria) - AFL Dandenong Campus - Dandenong Oasis
2.6 km away
Private
More Info
Maranatha Christian School - Doveton Campus
3.2 km away
Private
More Info
Ilim College - Doveton Campus
3.2 km away
Private
More Info
St Anthony's School
3.3 km away
Prep-6CoEdCatholic
More Info
View less
Disclaimer",https://www.domain.com.au/2-steven-street-dandenong-vic-3175-2015638212,,"Insights for 2 bedroom units in Dandenong
Market performance
MEDIAN PRICE
: 
$311k
AUCTION CLEARANCE
: 
70%
SOLD THIS YEAR
: 
124
AVG DAYS ON MARKET
: 
124
*Based on 2 bedroom Units in Dandenong
Demographics
POPULATION
: 
29,911
Occupancy: 
OWNER
: 
42%
RENTER
: 
58%
AVERAGE AGE
: 
20 to 39
Household: 
FAMILY
: 
51%
SINGLE
: 
49%
*Based on general data in Dandenong
View suburb profile"
dandenong-vic-3175,9/35 Herbert Street Dandenong VIC 3175,"A Blank Canvas!
This very solid single bedroom ground floor unit is in need of your renovation and decorative skills.
Features open plan living, high ceilings, enormous bedroom, private backyard and carport.
Walk to Market and CBD in minutes!
Start here or add to your investment portfolio.
A REAL WINNER!","SOLD - $222,000","1
Bed
1
Bath
1
Parking",Apartment / Unit / Flat,Sold by private treaty 24 Jan 2020,"9/35 Herbert Street, Dandenong VIC 3175 was last sold in 2020 and 15 other 1 bedroom unit in Dandenong have recently been sold.","ALL
PRIMARY
SECONDARY
PRIVATE
GOVERNMENT SCHOOL CATCHMENT
Dandenong North Primary School
0.4 km away
Prep-6CoEdGovernment
View Catchment
Dandenong High School
0.5 km away
7-12CoEdGovernment
View Catchment
Southern Autistic School
14.6 km away
UCoEdGovernment
View Catchment
INDEPENDENT SCHOOLS
SEDA College (Victoria) - AFL Dandenong Campus - Dandenong Oasis
1 km away
Private
More Info
St Gerard's School
1.2 km away
Prep-6CoEdCatholic
More Info
St Mary's School
1.3 km away
Prep-6CoEdCatholic
More Info
SEDA College (Victoria) - Building and Construction - Dandenong
1.5 km away
Private
More Info
St John's Regional College
1.6 km away
7-12CoEdCatholic
More Info
St Mary’s College for the Deaf – Dandenong Campus
1.6 km away
Catholic
More Info
SEDA College (Victoria) - Basketball - Dandenong
2.1 km away
Private
More Info
Ilim College - Doveton Campus
2.1 km away
Private
More Info
Berry Street School
2.1 km away
7-12CoEdPrivate
More Info
Maranatha Christian School - Doveton Campus
2.1 km away
Private
More Info
View less
Disclaimer",https://www.domain.com.au/9-35-herbert-street-dandenong-vic-3175-2015943471,"Building & Street Profiles
BUILDING
STREET
35 Herbert St, 
Dandenong VIC 3175
PROPERTIES
15
RECENTLY SOLD
1
Owner/Renter:
OWNER
: 
65%
RENTER
: 
35%
How do we calculate this estimate?
View building profile
In this building, the most recent sale of another unit with 1 bed, 1 bath, 1 parking space was unit 11, which sold almost 2 years ago.
Why do prices vary in the same building?","Insights for 1 bedroom units in Dandenong
Market performance
MEDIAN PRICE
: 
$230k
AUCTION CLEARANCE
: 
-
SOLD THIS YEAR
: 
15
AVG DAYS ON MARKET
: 
286
*Based on 1 bedroom Units in Dandenong
Demographics
POPULATION
: 
29,911
Occupancy: 
OWNER
: 
42%
RENTER
: 
58%
AVERAGE AGE
: 
20 to 39
Household: 
FAMILY
: 
51%
SINGLE
: 
49%
*Based on general data in Dandenong
View suburb profile"
dandenong-vic-3175,42 Allan Street Dandenong VIC 3175,"Red hot You bet!
Sure to be a hit with a variety of buyers, this 3 bedroom, 2 bathroom 2 level property has everything you could possibly need. Surrounding by quality housing, opposite parks, this stunning 9 year young home ticks so many positive boxes!
Upon entry you can decide which spacious living area you'd prefer, the formal lounge or the massive family kitchen space that moves onto the back terrace from the beautiful glass doors. This wonderful indoor/outdoor entertaining space is sure to please those who like to interest guests or keep an eye on the children as they play outside.
Upstairs there's 3 bedrooms, all with expansive walk-in robes and plenty of room for parents and children alike.
Close to facilities including transport, Dandenong Central, schools and walking trails, this lovely opportunity will impress first home buyers, investors or even downsizers it has so much to offer.
Priced to sell, contact Andrew Ward for a private inspection
Terms: 10% deposit. Balance 60-90 days
DISCLAIMER:
The measurements provided of the land and / or property may not be 100% accurate. In order to satisfy yourself of the exact dimensions of the property / land / or of each room, we advise you to conduct your own measurements and / or engage the services of a licensed surveyor. Responsibility for any omissions or errors contained herein is expressly denied.","SOLD - $542,000","3
Beds
2
Baths
1
Parking
203m²",Townhouse,Sold by private treaty 24 Jan 2020,"42 Allan Street, Dandenong VIC 3175 was last sold in 2020 and 123 other 3 bedroom house in Dandenong have recently been sold.","ALL
PRIMARY
SECONDARY
PRIVATE
GOVERNMENT SCHOOL CATCHMENT
Dandenong South Primary School
1 km away
Prep-6CoEdGovernment
View Catchment
Dandenong High School
1.5 km away
7-12CoEdGovernment
View Catchment
Yarrabah School
9.7 km away
UCoEdGovernment
View Catchment
Southern Autistic School
14.5 km away
UCoEdGovernment
View Catchment
INDEPENDENT SCHOOLS
SEDA College (Victoria) - Building and Construction - Dandenong
0.4 km away
Private
More Info
St Mary's School
1.5 km away
Prep-6CoEdCatholic
More Info
Berry Street School
1.7 km away
7-12CoEdPrivate
More Info
St John's Regional College
2 km away
7-12CoEdCatholic
More Info
St Mary’s College for the Deaf – Dandenong Campus
2.1 km away
Catholic
More Info
St Gerard's School
2.4 km away
Prep-6CoEdCatholic
More Info
SEDA College (Victoria) - AFL Dandenong Campus - Dandenong Oasis
2.7 km away
Private
More Info
Maranatha Christian School - Doveton Campus
3 km away
Private
More Info
Ilim College - Doveton Campus
3.1 km away
Private
More Info
Holy Family School
3.1 km away
Prep-6CoEdCatholic
More Info
View less
Disclaimer",https://www.domain.com.au/42-allan-street-dandenong-vic-3175-2015824009,"Street Profile
Allan St, 
Dandenong VIC 3175
PROPERTIES
23
RECENTLY SOLD
2
Owner/Renter:
OWNER
: 
85%
RENTER
: 
15%
How do we calculate this estimate?
View street profile
We couldn’t find a recent sale of another townhouse with 3 beds, 2 baths, 1 parking space in this street.","Insights for 3 bedroom houses in Dandenong
Market performance
MEDIAN PRICE
: 
$589k
AUCTION CLEARANCE
: 
45%
SOLD THIS YEAR
: 
123
AVG DAYS ON MARKET
: 
94
*Based on 3 bedroom Houses in Dandenong
Demographics
POPULATION
: 
29,911
Occupancy: 
OWNER
: 
42%
RENTER
: 
58%
AVERAGE AGE
: 
20 to 39
Household: 
FAMILY
: 
51%
SINGLE
: 
49%
*Based on general data in Dandenong
View suburb profile"
dandenong-vic-3175,5 The Glade Dandenong VIC 3175,"Quality Home in Top Central Location!
Walk to the city centre, St John's College and parkland from this beautifully built family home set in a quiet court.
The home boasts dual driveways, one providing access to the large block of approximately 870m2, ideal for dual occupancy (STCA). The luxurious home features three double bedrooms, full ensuite and walk in robe to master, two huge living areas and central timber kitchen with stone benchtops.
There is a feeling of wide open spaces with lots of natural light. Other features include ducted heating, evaporative and split system air conditioning systems, roller shutters all around and oversized double garage. Lots of additional off-street parking.
This is a quality property in one of the best central locations.
TRY TO FIND BETTER!
***PHOTO ID REQUIRED FOR INSPECTION PLEASE***","SOLD - $810,000","3
Beds
2
Baths
2
Parking
870m²",House,Sold by private treaty 24 Jan 2020,"5 The Glade, Dandenong VIC 3175 was last sold in 2020 and 123 other 3 bedroom house in Dandenong have recently been sold.","ALL
PRIMARY
SECONDARY
PRIVATE
GOVERNMENT SCHOOL CATCHMENT
Dandenong Primary School
0.7 km away
Prep-6CoEdGovernment
View Catchment
Doveton College
1.6 km away
U, Prep-9CoEdGovernment
View Catchment
Dandenong High School
2.1 km away
7-12CoEdGovernment
View Catchment
Southern Autistic School
16.1 km away
UCoEdGovernment
View Catchment
INDEPENDENT SCHOOLS
St John's Regional College
0.3 km away
7-12CoEdCatholic
More Info
St Mary’s College for the Deaf – Dandenong Campus
0.4 km away
Catholic
More Info
St Mary's School
0.5 km away
Prep-6CoEdCatholic
More Info
Maranatha Christian School - Doveton Campus
1.2 km away
Private
More Info
Holy Family School
1.2 km away
Prep-6CoEdCatholic
More Info
Ilim College - Doveton Campus
1.3 km away
Private
More Info
SEDA College (Victoria) - Building and Construction - Dandenong
2.1 km away
Private
More Info
SEDA College (Victoria) - AFL Dandenong Campus - Dandenong Oasis
2.5 km away
Private
More Info
St Gerard's School
2.9 km away
Prep-6CoEdCatholic
More Info
St Paul Apostle South School
3.1 km away
Prep-6CoEdCatholic
More Info
View less
Disclaimer",https://www.domain.com.au/5-the-glade-dandenong-vic-3175-2015675829,"Street Profile
The Glade, 
Dandenong VIC 3175
PROPERTIES
17
RECENTLY SOLD
2
Owner/Renter:
OWNER
: 
85%
RENTER
: 
15%
How do we calculate this estimate?
View street profile
In this street, the most recent sale of another house with 3 beds, 2 baths, 2 parking spaces was at number 5, which sold for $810k 9 months ago.
Why do prices vary in the same street?","Insights for 3 bedroom houses in Dandenong
Market performance
MEDIAN PRICE
: 
$589k
AUCTION CLEARANCE
: 
45%
SOLD THIS YEAR
: 
123
AVG DAYS ON MARKET
: 
94
*Based on 3 bedroom Houses in Dandenong
Demographics
POPULATION
: 
29,911
Occupancy: 
OWNER
: 
42%
RENTER
: 
58%
AVERAGE AGE
: 
20 to 39
Household: 
FAMILY
: 
51%
SINGLE
: 
49%
*Based on general data in Dandenong
View suburb profile"
dandenong-vic-3175,2/5 Carroll Avenue Dandenong VIC 3175,"Perfect first time investment!
Perfectly suited to the owner-occupier or smart investor only 4 on the block and there is no body corporate. This little gem has so much going for it already.
Step into an open plan lounge, kitchen and meals area with breakfast bar and gas wall heater, with its upright gas cooker and electric oven, ample cupboard space and room for a sizeable fridge which open onto a private backyard. The two bright bedrooms are carpeted and are served by a bathroom with combined laundry.
This unit is compact, but character, with single car accommodation and a current rental return of $1255 per month. Unbeatable location, just minutes from trains and buses, bustling Dandenong Market & Plaza, Dandenong Primary and Secondary and a short distance to Dandy Hospital.
This lovely unit is located close to public transport, shopping and Dandenong Hospital. It comprises 2 bedrooms with robes, central bathroom, open plan lounge/dining/kitchen, gas heating, ceiling fans, paved courtyard and single carport.","SOLD - $300,000","2
Beds
1
Bath
1
Parking",Apartment / Unit / Flat,Sold by private treaty 23 Jan 2020,"2/5 Carroll Avenue, Dandenong VIC 3175 was last sold in 2020 and 124 other 2 bedroom unit in Dandenong have recently been sold.","ALL
PRIMARY
SECONDARY
PRIVATE
GOVERNMENT SCHOOL CATCHMENT
Dandenong North Primary School
0.7 km away
Prep-6CoEdGovernment
View Catchment
Dandenong High School
1.2 km away
7-12CoEdGovernment
View Catchment
Southern Autistic School
15.3 km away
UCoEdGovernment
View Catchment
INDEPENDENT SCHOOLS
SEDA College (Victoria) - AFL Dandenong Campus - Dandenong Oasis
1 km away
Private
More Info
St Mary’s College for the Deaf – Dandenong Campus
1.2 km away
Catholic
More Info
St John's Regional College
1.2 km away
7-12CoEdCatholic
More Info
St Mary's School
1.3 km away
Prep-6CoEdCatholic
More Info
Ilim College - Doveton Campus
1.4 km away
Private
More Info
Maranatha Christian School - Doveton Campus
1.5 km away
Private
More Info
St Gerard's School
1.7 km away
Prep-6CoEdCatholic
More Info
SEDA College (Victoria) - Basketball - Dandenong
1.8 km away
Private
More Info
Holy Family School
1.9 km away
Prep-6CoEdCatholic
More Info
SEDA College (Victoria) - Building and Construction - Dandenong
2.1 km away
Private
More Info
View less
Disclaimer",https://www.domain.com.au/2-5-carroll-avenue-dandenong-vic-3175-2015922413,"Building & Street Profiles
BUILDING
STREET
5 Carroll Av, 
Dandenong VIC 3175
PROPERTIES
4
RECENTLY SOLD
1
Owner/Renter:
OWNER
: 
25%
RENTER
: 
75%
How do we calculate this estimate?
View building profile
In this building, the most recent sale of another unit with 2 beds, 1 bath, 1 parking space was unit 3, which sold over 26 years ago.
Why do prices vary in the same building?","Insights for 2 bedroom units in Dandenong
Market performance
MEDIAN PRICE
: 
$311k
AUCTION CLEARANCE
: 
70%
SOLD THIS YEAR
: 
124
AVG DAYS ON MARKET
: 
124
*Based on 2 bedroom Units in Dandenong
Demographics
POPULATION
: 
29,911
Occupancy: 
OWNER
: 
42%
RENTER
: 
58%
AVERAGE AGE
: 
20 to 39
Household: 
FAMILY
: 
51%
SINGLE
: 
49%
*Based on general data in Dandenong
View suburb profile"
dandenong-vic-3175,15B Grace Avenue Dandenong VIC 3175,"Incredible Townhouse and Only 4 Months New
On offer is this incredible architectural masterpiece, which has not long been completed and is perfect for first home buyers or upgraders with young families, downsizers, and is conveniently positioned.
Well designed and with a great finish, this impressive townhouse delivers the best in comfort in the area. Featuring:
- 2 Bedrooms with BIR
- Beautifully set up bathroom and 2 separate toilets
- Open plan kitchen with stainless steel appliances including gas cooktop and dishwasher along with a waterfall stone benchtop
- upstairs study nook
- Generous single carport with remote roller door
Also includes downlights throughout, floorboards downstairs, carpeted upstairs and bedrooms, tiled wet areas, ducted heating and reverse cycle air-conditioning. While outside is an easy to maintain backyard space for the kids or pets, with a shed, water tank and small sitting verandah.
All this is located close to kindergarten, schools, public transport, all major arterial roads for family convenience and Dandenong shopping centre within walking distance.","SOLD - $485,000","2
Beds
1
Bath
1
Parking",Townhouse,Sold by private treaty 23 Jan 2020,53 other 2 bedroom house in Dandenong have recently been sold.,"ALL
PRIMARY
SECONDARY
PRIVATE
GOVERNMENT SCHOOL CATCHMENT
Dandenong North Primary School
0.8 km away
Prep-6CoEdGovernment
View Catchment
Dandenong Primary School
0.9 km away
Prep-6CoEdGovernment
View Catchment
Dandenong High School
1.3 km away
7-12CoEdGovernment
View Catchment
Southern Autistic School
15.4 km away
UCoEdGovernment
View Catchment
INDEPENDENT SCHOOLS
St Mary’s College for the Deaf – Dandenong Campus
1.1 km away
Catholic
More Info
St John's Regional College
1.1 km away
7-12CoEdCatholic
More Info
SEDA College (Victoria) - AFL Dandenong Campus - Dandenong Oasis
1.1 km away
Private
More Info
St Mary's School
1.1 km away
Prep-6CoEdCatholic
More Info
Ilim College - Doveton Campus
1.3 km away
Private
More Info
Maranatha Christian School - Doveton Campus
1.4 km away
Private
More Info
Holy Family School
1.7 km away
Prep-6CoEdCatholic
More Info
St Gerard's School
1.9 km away
Prep-6CoEdCatholic
More Info
SEDA College (Victoria) - Basketball - Dandenong
1.9 km away
Private
More Info
SEDA College (Victoria) - Building and Construction - Dandenong
2.1 km away
Private
More Info
View less
Disclaimer",https://www.domain.com.au/15b-grace-avenue-dandenong-vic-3175-2015902992,"Street Profile
Grace Av, 
Dandenong VIC 3175
PROPERTIES
56
RECENTLY SOLD
1
Owner/Renter:
OWNER
: 
65%
RENTER
: 
35%
How do we calculate this estimate?
View street profile
We couldn’t find a recent sale of another townhouse with 2 beds, 1 bath, 1 parking space in this street.","Insights for 2 bedroom houses in Dandenong
Market performance
MEDIAN PRICE
: 
$433k
AUCTION CLEARANCE
: 
33%
SOLD THIS YEAR
: 
53
AVG DAYS ON MARKET
: 
100
*Based on 2 bedroom Houses in Dandenong
Demographics
POPULATION
: 
29,911
Occupancy: 
OWNER
: 
42%
RENTER
: 
58%
AVERAGE AGE
: 
20 to 39
Household: 
FAMILY
: 
51%
SINGLE
: 
49%
*Based on general data in Dandenong
View suburb profile"
dandenong-vic-3175,15 Charles Street Dandenong VIC 3175,"6 Bedroom Family Home!
This wonderful home sitting on an allotment of 600sqm (approx), provides first home buyers and astute investors a great opportunity to secure a wonderful property in a very sought after convenient part of Dandenong.
Offering 6 bedrooms with built in robes, 2 living areas, kitchen with plenty of cabinets & dishwasher, meals area, bathroom plus two toilets. Bonus features include heating, air conditioning and polished floor boards. All of this within walking distance to Schools, Hospital, TAFE, Market and public transport. This property is a must to inspect.
We have obtained all information above from sources we believe to be reliable; however, we cannot guarantee its accuracy. We do not accept any responsibility to any person for its accuracy and do no more than pass it on. All interested parties are advised to carry out their own investigations, and should make and rely upon their own enquiries in order to determine whether or not this information is in fact accurate.","SOLD - $620,000","6
Beds
1
Bath
2
Parking
600m²",House,Sold by private treaty 23 Jan 2020,"15 Charles Street, Dandenong VIC 3175 was last sold in 2020.","ALL
PRIMARY
SECONDARY
PRIVATE
GOVERNMENT SCHOOL CATCHMENT
Dandenong North Primary School
0.4 km away
Prep-6CoEdGovernment
View Catchment
Dandenong High School
0.6 km away
7-12CoEdGovernment
View Catchment
Southern Autistic School
14.2 km away
UCoEdGovernment
View Catchment
INDEPENDENT SCHOOLS
SEDA College (Victoria) - AFL Dandenong Campus - Dandenong Oasis
0.6 km away
Private
More Info
St Gerard's School
0.7 km away
Prep-6CoEdCatholic
More Info
SEDA College (Victoria) - Basketball - Dandenong
1.6 km away
Private
More Info
SEDA College (Victoria) - Building and Construction - Dandenong
1.9 km away
Private
More Info
St Mary's School
2 km away
Prep-6CoEdCatholic
More Info
Berry Street School
2.1 km away
7-12CoEdPrivate
More Info
St John's Regional College
2.1 km away
7-12CoEdCatholic
More Info
St Mary’s College for the Deaf – Dandenong Campus
2.2 km away
Catholic
More Info
Ilim College - Doveton Campus
2.5 km away
Private
More Info
Maranatha Christian School - Doveton Campus
2.6 km away
Private
More Info
View less
Disclaimer",https://www.domain.com.au/15-charles-street-dandenong-vic-3175-2015873710,"Street Profile
Charles St, 
Dandenong VIC 3175
PROPERTIES
25
RECENTLY SOLD
1
Owner/Renter:
OWNER
: 
80%
RENTER
: 
20%
How do we calculate this estimate?
View street profile
In this street, the most recent sale of another house with 6 beds, 1 bath, 2 parking spaces was at number 15, which sold for $620k 9 months ago.
Why do prices vary in the same street?","Insights for Dandenong
Market performance
MEDIAN PRICE
: 
-
AUCTION CLEARANCE
: 
-
SOLD THIS YEAR
: 
-
AVG DAYS ON MARKET
: 
-
*Based on 6 bedroom s in Dandenong
Demographics
POPULATION
: 
29,911
Occupancy: 
OWNER
: 
42%
RENTER
: 
58%
AVERAGE AGE
: 
20 to 39
Household: 
FAMILY
: 
51%
SINGLE
: 
49%
*Based on general data in Dandenong
View suburb profile"
dandenong-vic-3175,37A Dawn Avenue Dandenong VIC 3175,"UNDER OFFER
Stunning single level unit offering amazing value for any first home buyers, investors or downsizers. Perfectly positioned within close proximity to Dandenong Oasis, Dandenong Plaza, Dandenong Hospital, Public Transport, Monash Freeway, Primary and Secondary Schools. Sitting on 308 sqm, it comprises of:
- Two generous sized bedrooms
- Spacious formal lounge area
- Updated bathroom with separate toilet
- Larger than normal
- Plus no body corporate!
An opportunity for you to secure a low maintenance and newly renovated property that you surely cannot miss out on. This piece of golden gem in the heart of Dandenong cannot be missed, secure it today!","SOLD - $395,000","2
Beds
1
Bath
2
Parking
308m²",Apartment / Unit / Flat,Sold by private treaty 22 Jan 2020,124 other 2 bedroom unit in Dandenong have recently been sold.,"ALL
PRIMARY
SECONDARY
PRIVATE
GOVERNMENT SCHOOL CATCHMENT
Dandenong South Primary School
1 km away
Prep-6CoEdGovernment
View Catchment
Dandenong High School
1.8 km away
7-12CoEdGovernment
View Catchment
Yarrabah School
9.5 km away
UCoEdGovernment
View Catchment
Southern Autistic School
14.4 km away
UCoEdGovernment
View Catchment
INDEPENDENT SCHOOLS
SEDA College (Victoria) - Building and Construction - Dandenong
0.6 km away
Private
More Info
St Mary's School
1.7 km away
Prep-6CoEdCatholic
More Info
Berry Street School
1.8 km away
7-12CoEdPrivate
More Info
St John's Regional College
2.2 km away
7-12CoEdCatholic
More Info
St Mary’s College for the Deaf – Dandenong Campus
2.3 km away
Catholic
More Info
St Gerard's School
2.6 km away
Prep-6CoEdCatholic
More Info
SEDA College (Victoria) - AFL Dandenong Campus - Dandenong Oasis
3 km away
Private
More Info
Mt Hira College
3.2 km away
Prep-12CoEdPrivate
More Info
Maranatha Christian School - Doveton Campus
3.2 km away
Private
More Info
Holy Family School
3.2 km away
Prep-6CoEdCatholic
More Info
View less
Disclaimer",https://www.domain.com.au/37a-dawn-avenue-dandenong-vic-3175-2015981934,,"Insights for 2 bedroom units in Dandenong
Market performance
MEDIAN PRICE
: 
$311k
AUCTION CLEARANCE
: 
70%
SOLD THIS YEAR
: 
124
AVG DAYS ON MARKET
: 
124
*Based on 2 bedroom Units in Dandenong
Demographics
POPULATION
: 
29,911
Occupancy: 
OWNER
: 
42%
RENTER
: 
58%
AVERAGE AGE
: 
20 to 39
Household: 
FAMILY
: 
51%
SINGLE
: 
49%
*Based on general data in Dandenong
View suburb profile"
dandenong-vic-3175,1/40 Wilma Avenue Dandenong VIC 3175,"NOTHING BEATS LOCATION.
This beautiful home with high ceilings has with an open floor plan and is a perfect match for a first home buyer or an investor with a great rental return.
Featuring 3 bedrooms, family bathroom, freshly polished floor boards throughout bedrooms and double lock up garage. Plus an under cover decking area with only two on the block!
Minutes away from Dandenong Plaza, Dandenong Hospital, Schools, Bus Stops, Parks, Highways and other great amenities.
To avoid any disappointments contact Omid Mahramzadeh or Leigh hall today before it's too late.
We have obtained all information above from sources we believe to be reliable; however, we cannot guarantee its accuracy. We do not accept any responsibility to any person for its accuracy and do no more than pass it on. All interested parties are advised to carry out their own investigations, and should make and rely upon their own enquiries in order to determine whether or not this information is in fact accurate.","SOLD - $495,000","3
Beds
1
Bath
2
Parking",Apartment / Unit / Flat,Sold by private treaty 22 Jan 2020,"1/40 Wilma Avenue, Dandenong VIC 3175 was last sold in 2020 and 37 other 3 bedroom unit in Dandenong have recently been sold.","ALL
PRIMARY
SECONDARY
PRIVATE
GOVERNMENT SCHOOL CATCHMENT
Dandenong West Primary School
0.3 km away
Prep-6CoEdGovernment
View Catchment
Dandenong High School
0.5 km away
7-12CoEdGovernment
View Catchment
Southern Autistic School
13.7 km away
UCoEdGovernment
View Catchment
INDEPENDENT SCHOOLS
St Gerard's School
0.9 km away
Prep-6CoEdCatholic
More Info
SEDA College (Victoria) - Building and Construction - Dandenong
1.1 km away
Private
More Info
Berry Street School
1.2 km away
7-12CoEdPrivate
More Info
SEDA College (Victoria) - AFL Dandenong Campus - Dandenong Oasis
1.6 km away
Private
More Info
St Mary's School
2 km away
Prep-6CoEdCatholic
More Info
St John's Regional College
2.4 km away
7-12CoEdCatholic
More Info
St Mary’s College for the Deaf – Dandenong Campus
2.4 km away
Catholic
More Info
SEDA College (Victoria) - Basketball - Dandenong
2.6 km away
Private
More Info
St Anthony's School
2.8 km away
Prep-6CoEdCatholic
More Info
Ilim College - Doveton Campus
3 km away
Private
More Info
View less
Disclaimer",https://www.domain.com.au/1-40-wilma-avenue-dandenong-vic-3175-2015503545,"Street Profile
Wilma Av, 
Dandenong VIC 3175
PROPERTIES
157
RECENTLY SOLD
11
Owner/Renter:
OWNER
: 
65%
RENTER
: 
35%
How do we calculate this estimate?
View street profile
In this street, the most recent sale of another unit with 3 beds, 1 bath, 2 parking spaces was unit 1/40, which sold for $495k 9 months ago.
Why do prices vary in the same street?","Insights for 3 bedroom units in Dandenong
Market performance
MEDIAN PRICE
: 
$490k
AUCTION CLEARANCE
: 
-
SOLD THIS YEAR
: 
37
AVG DAYS ON MARKET
: 
124
*Based on 3 bedroom Units in Dandenong
Demographics
POPULATION
: 
29,911
Occupancy: 
OWNER
: 
42%
RENTER
: 
58%
AVERAGE AGE
: 
20 to 39
Household: 
FAMILY
: 
51%
SINGLE
: 
49%
*Based on general data in Dandenong
View suburb profile"
dandenong-vic-3175,7 Usher Court Dandenong VIC 3175,"LIVE IN, OR INVEST, NEST!
Just realty international Dandenong is proud to offer this property to the Market.
This neat 3-bedroom 2-bathroom,1 toilet home is situated in a quiet court location only minutes from Dandenong Plaza. Located within walking distance of the fast paced, ever growing city of Dandenong. With this central location you are within walking distance to all the daily necessities, shops, schools and public transport.
Situated on a large 572m2 Land approx. great opportunity for those looking to invest in this perfect central location.
Features here include:
- 3 good sized bedrooms, all with built in robe one of the bedroom can be used as master, it has got access to toilet and bathroom from inside the bedroom.
-ducted heating
- big kitchen
- 2 car garage
- 2 bathrooms
- Large backyard
- Central location
- Close proximity to Princess hwy, Monash fwy and Eastlink
- And endless opportunities
Please feel free to come to any of our open for inspections and see it all for yourself or call Musa Mahir on 0418344043 for any further details.
TO VIEW THE CONSUMER AFFAIRS DUE DILIGENCE CHECKLIST PLEASE VISIT http://www.consumer.vic.gov.au/duediligencechecklist
Note: Photo I.D. is required at all inspections.
Disclaimer: Every precaution has been taken to ensure the accuracy of the above information, but it does not constitute any representation by the vendor or the agent. Prospect purchasers should make their own inquiries to verify the information contained in this document.
**Inspection times and availability dates are subject to change or cancellation without notice. Please contact our office prior to the inspection to confirm availability.**","SOLD - $600,000","3
Beds
2
Baths
2
Parking
572m²",House,Sold by private treaty 18 Jan 2020,"7 Usher Court, Dandenong VIC 3175 was last sold in 2020 and 123 other 3 bedroom house in Dandenong have recently been sold.","ALL
PRIMARY
SECONDARY
PRIVATE
GOVERNMENT SCHOOL CATCHMENT
Dandenong South Primary School
0.9 km away
Prep-6CoEdGovernment
View Catchment
Dandenong High School
2.4 km away
7-12CoEdGovernment
View Catchment
Keysborough Secondary College
5.2 km away
7-12CoEdGovernment
View Catchment
Yarrabah School
9.3 km away
UCoEdGovernment
View Catchment
Southern Autistic School
14.7 km away
UCoEdGovernment
View Catchment
INDEPENDENT SCHOOLS
SEDA College (Victoria) - Building and Construction - Dandenong
1.2 km away
Private
More Info
St Mary's School
2 km away
Prep-6CoEdCatholic
More Info
Berry Street School
2.3 km away
7-12CoEdPrivate
More Info
St John's Regional College
2.4 km away
7-12CoEdCatholic
More Info
St Mary’s College for the Deaf – Dandenong Campus
2.5 km away
Catholic
More Info
Mt Hira College
2.8 km away
Prep-12CoEdPrivate
More Info
St Gerard's School
3.2 km away
Prep-6CoEdCatholic
More Info
Maranatha Christian School - Doveton Campus
3.4 km away
Private
More Info
Holy Family School
3.4 km away
Prep-6CoEdCatholic
More Info
SEDA College (Victoria) - AFL Dandenong Campus - Dandenong Oasis
3.5 km away
Private
More Info
View less
Disclaimer",https://www.domain.com.au/7-usher-court-dandenong-vic-3175-2016012765,"Street Profile
Usher Ct, 
Dandenong VIC 3175
PROPERTIES
18
RECENTLY SOLD
2
Owner/Renter:
OWNER
: 
95%
RENTER
: 
5%
How do we calculate this estimate?
View street profile
We couldn’t find a recent sale of another house with 3 beds, 2 baths, 2 parking spaces in this street.","Insights for 3 bedroom houses in Dandenong
Market performance
MEDIAN PRICE
: 
$589k
AUCTION CLEARANCE
: 
45%
SOLD THIS YEAR
: 
123
AVG DAYS ON MARKET
: 
94
*Based on 3 bedroom Houses in Dandenong
Demographics
POPULATION
: 
29,911
Occupancy: 
OWNER
: 
42%
RENTER
: 
58%
AVERAGE AGE
: 
20 to 39
Household: 
FAMILY
: 
51%
SINGLE
: 
49%
*Based on general data in Dandenong
View suburb profile"
dandenong-vic-3175,54 Everitt Street Dandenong VIC 3175,"First class living in Metro Village
Stylish space and exceptional design form a great partnership in this stunning residence, conveniently located in popular Metro Village. Well throughout plan features:
- 3 bedrooms, master with WIR and ensuite
- As new kitchen with 900mm appliances
- 2 separate living areas, with dining having access to covered alfresco dining area
- Double remote controlled lockup garage
- Gas ducted heating and reverse cycle air conditioner
This home will impress and would be suitable for first or second home buyer as well as investors. Currently tenanted to en excellent tenant until July 2020 at $450 per week","SOLD - $550,000","3
Beds
2
Baths
2
Parking",House,Sold by private treaty 17 Jan 2020,"54 Everitt Street, Dandenong VIC 3175 was last sold in 2020 and 123 other 3 bedroom house in Dandenong have recently been sold.","ALL
PRIMARY
SECONDARY
PRIVATE
GOVERNMENT SCHOOL CATCHMENT
Dandenong South Primary School
1.2 km away
Prep-6CoEdGovernment
View Catchment
Dandenong West Primary School
1.2 km away
Prep-6CoEdGovernment
View Catchment
Dandenong High School
1.5 km away
7-12CoEdGovernment
View Catchment
Yarrabah School
9.5 km away
UCoEdGovernment
View Catchment
Southern Autistic School
14.2 km away
UCoEdGovernment
View Catchment
INDEPENDENT SCHOOLS
SEDA College (Victoria) - Building and Construction - Dandenong
0.3 km away
Private
More Info
Berry Street School
1.5 km away
7-12CoEdPrivate
More Info
St Mary's School
1.7 km away
Prep-6CoEdCatholic
More Info
St John's Regional College
2.2 km away
7-12CoEdCatholic
More Info
St Mary’s College for the Deaf – Dandenong Campus
2.3 km away
Catholic
More Info
St Gerard's School
2.3 km away
Prep-6CoEdCatholic
More Info
SEDA College (Victoria) - AFL Dandenong Campus - Dandenong Oasis
2.7 km away
Private
More Info
Maranatha Christian School - Doveton Campus
3.2 km away
Private
More Info
Ilim College - Doveton Campus
3.2 km away
Private
More Info
Holy Family School
3.3 km away
Prep-6CoEdCatholic
More Info
View less
Disclaimer",https://www.domain.com.au/54-everitt-street-dandenong-vic-3175-2015896044,"Street Profile
Everitt St, 
Dandenong VIC 3175
PROPERTIES
58
RECENTLY SOLD
2
Owner/Renter:
OWNER
: 
70%
RENTER
: 
30%
How do we calculate this estimate?
View street profile
In this street, the most recent sale of another house with 3 beds, 2 baths, 2 parking spaces was at number 54, which sold for $550k 9 months ago.
Why do prices vary in the same street?","Insights for 3 bedroom houses in Dandenong
Market performance
MEDIAN PRICE
: 
$589k
AUCTION CLEARANCE
: 
45%
SOLD THIS YEAR
: 
123
AVG DAYS ON MARKET
: 
94
*Based on 3 bedroom Houses in Dandenong
Demographics
POPULATION
: 
29,911
Occupancy: 
OWNER
: 
42%
RENTER
: 
58%
AVERAGE AGE
: 
20 to 39
Household: 
FAMILY
: 
51%
SINGLE
: 
49%
*Based on general data in Dandenong
View suburb profile"
dandenong-vic-3175,2/41 Potter Street Dandenong VIC 3175,"BEGINNER'S WINNER
This nifty ground floor apartment is situated in a very nice complex, just minutes away from Dandenong Market and Dandenong Plaza. This spacious two bedroom apartment is currently leased to an excellent tenant (at $295 PW), but can be purchased with vacant possession if required.
Great opportunity for an investor or first home buyer to get started.","SOLD - $270,000","2
Beds
1
Bath
1
Parking",Apartment / Unit / Flat,Sold by private treaty 15 Jan 2020,"2/41 Potter Street, Dandenong VIC 3175 was last sold in 2020 and 124 other 2 bedroom unit in Dandenong have recently been sold.","ALL
PRIMARY
SECONDARY
PRIVATE
GOVERNMENT SCHOOL CATCHMENT
Dandenong High School
0.4 km away
7-12CoEdGovernment
View Catchment
Dandenong West Primary School
0.5 km away
Prep-6CoEdGovernment
View Catchment
Southern Autistic School
14.1 km away
UCoEdGovernment
View Catchment
INDEPENDENT SCHOOLS
SEDA College (Victoria) - Building and Construction - Dandenong
0.9 km away
Private
More Info
St Gerard's School
1.2 km away
Prep-6CoEdCatholic
More Info
Berry Street School
1.4 km away
7-12CoEdPrivate
More Info
St Mary's School
1.6 km away
Prep-6CoEdCatholic
More Info
SEDA College (Victoria) - AFL Dandenong Campus - Dandenong Oasis
1.6 km away
Private
More Info
St John's Regional College
2 km away
7-12CoEdCatholic
More Info
St Mary’s College for the Deaf – Dandenong Campus
2.1 km away
Catholic
More Info
SEDA College (Victoria) - Basketball - Dandenong
2.7 km away
Private
More Info
Ilim College - Doveton Campus
2.8 km away
Private
More Info
Maranatha Christian School - Doveton Campus
2.8 km away
Private
More Info
View less
Disclaimer",https://www.domain.com.au/2-41-potter-street-dandenong-vic-3175-2015621386,"Building & Street Profiles
BUILDING
STREET
41 Potter St, 
Dandenong VIC 3175
PROPERTIES
8
RECENTLY SOLD
3
Owner/Renter:
OWNER
: 
50%
RENTER
: 
50%
How do we calculate this estimate?
View building profile
In this building, the most recent sale of another unit with 2 beds, 1 bath, 1 parking space was unit 4, which sold for $270k 7 months ago.
Why do prices vary in the same building?","Insights for 2 bedroom units in Dandenong
Market performance
MEDIAN PRICE
: 
$311k
AUCTION CLEARANCE
: 
70%
SOLD THIS YEAR
: 
124
AVG DAYS ON MARKET
: 
124
*Based on 2 bedroom Units in Dandenong
Demographics
POPULATION
: 
29,911
Occupancy: 
OWNER
: 
42%
RENTER
: 
58%
AVERAGE AGE
: 
20 to 39
Household: 
FAMILY
: 
51%
SINGLE
: 
49%
*Based on general data in Dandenong
View suburb profile"
dandenong-vic-3175,5/38-40 Canberra Avenue Dandenong VIC 3175,"LOW MAINTENANCE HOME IN AN UNRIVALLED LOCALE!
Ray White Dandenong proudly presents this Spacious home, set in a coveted location which presents a fantastic opportunity for first home buyers, astute investors, growing families and those looking to downsize. Immaculately presented, this lovely family residence requires a little tlc!
Offering 3 good-sized bedrooms with BIR, modern open-plan living area which is adjacent to the delightful kitchen equipped with gas cooking, s/s appliances and an abundance of cupboard space. The main bathroom and the large laundry completes the interior of this magnificent home.
This wonderful homes features: split system ,ducted heating, court yard, single lock up garage and much more.
Located within a stones-throw away from Dandenong South Primary School, Dandenong South Mosque, Dandenong Station, Dandenong Bypass/Eastlink, Dandenong CBD, Dandenong Creek walking trail, public transport and recreational facilities. This home is all but ready for you to make it your own.","SOLD - $450,000","3
Beds
1
Bath
2
Parking",Apartment / Unit / Flat,Sold by private treaty 14 Jan 2020,"5/38-40 Canberra Avenue, Dandenong VIC 3175 was last sold in 2020 and 37 other 3 bedroom unit in Dandenong have recently been sold.","ALL
PRIMARY
SECONDARY
PRIVATE
GOVERNMENT SCHOOL CATCHMENT
Dandenong South Primary School
0.4 km away
Prep-6CoEdGovernment
View Catchment
Dandenong High School
2.1 km away
7-12CoEdGovernment
View Catchment
Yarrabah School
9.9 km away
UCoEdGovernment
View Catchment
Southern Autistic School
15 km away
UCoEdGovernment
View Catchment
INDEPENDENT SCHOOLS
SEDA College (Victoria) - Building and Construction - Dandenong
1 km away
Private
More Info
St Mary's School
1.4 km away
Prep-6CoEdCatholic
More Info
St John's Regional College
1.9 km away
7-12CoEdCatholic
More Info
St Mary’s College for the Deaf – Dandenong Campus
2 km away
Catholic
More Info
Berry Street School
2.3 km away
7-12CoEdPrivate
More Info
Maranatha Christian School - Doveton Campus
2.9 km away
Private
More Info
Holy Family School
2.9 km away
Prep-6CoEdCatholic
More Info
St Gerard's School
3 km away
Prep-6CoEdCatholic
More Info
Ilim College - Doveton Campus
3 km away
Private
More Info
SEDA College (Victoria) - AFL Dandenong Campus - Dandenong Oasis
3.1 km away
Private
More Info
View less
Disclaimer",https://www.domain.com.au/5-38-40-canberra-avenue-dandenong-vic-3175-2015827276,"Building & Street Profiles
BUILDING
STREET
38-40 Canberra Av, 
Dandenong VIC 3175
PROPERTIES
6
RECENTLY SOLD
1
Owner/Renter:
OWNER
: 
100%
RENTER
: 
0%
How do we calculate this estimate?
View building profile
In this building, the most recent sale of another unit with 3 beds, 1 bath, 2 parking spaces was unit 5, which sold for $450k 10 months ago.
Why do prices vary in the same building?","Insights for 3 bedroom units in Dandenong
Market performance
MEDIAN PRICE
: 
$490k
AUCTION CLEARANCE
: 
-
SOLD THIS YEAR
: 
37
AVG DAYS ON MARKET
: 
124
*Based on 3 bedroom Units in Dandenong
Demographics
POPULATION
: 
29,911
Occupancy: 
OWNER
: 
42%
RENTER
: 
58%
AVERAGE AGE
: 
20 to 39
Household: 
FAMILY
: 
51%
SINGLE
: 
49%
*Based on general data in Dandenong
View suburb profile"
dandenong-vic-3175,8/22 Wilma Avenue Dandenong VIC 3175,"All in one!
Whether youre first home buyer, investor or just downsizing, This apartment is a perfect opportunity! Within close proximity Dandenong plaza, train stations, buses, schools and much more.
One of 12 apartments on this boutique block, it offers a nice open plan living area, bedroom with BIR, good size balcony, s/steel appliances including dishwasher, split system cooling/heating plus storage cage and more. Call now to avoid any disappointment",SOLD - Price Withheld,"1
Bed
1
Bath
1
Parking",Apartment / Unit / Flat,Sold by private treaty 14 Jan 2020,15 other 1 bedroom unit in Dandenong have recently been sold.,"ALL
PRIMARY
SECONDARY
PRIVATE
GOVERNMENT SCHOOL CATCHMENT
Dandenong West Primary School
0.2 km away
Prep-6CoEdGovernment
View Catchment
Dandenong High School
0.6 km away
7-12CoEdGovernment
View Catchment
Southern Autistic School
13.8 km away
UCoEdGovernment
View Catchment
INDEPENDENT SCHOOLS
SEDA College (Victoria) - Building and Construction - Dandenong
0.9 km away
Private
More Info
Berry Street School
1.1 km away
7-12CoEdPrivate
More Info
St Gerard's School
1.2 km away
Prep-6CoEdCatholic
More Info
SEDA College (Victoria) - AFL Dandenong Campus - Dandenong Oasis
1.8 km away
Private
More Info
St Mary's School
1.9 km away
Prep-6CoEdCatholic
More Info
St John's Regional College
2.3 km away
7-12CoEdCatholic
More Info
St Mary’s College for the Deaf – Dandenong Campus
2.4 km away
Catholic
More Info
SEDA College (Victoria) - Basketball - Dandenong
2.8 km away
Private
More Info
St Anthony's School
2.9 km away
Prep-6CoEdCatholic
More Info
Ilim College - Doveton Campus
3.1 km away
Private
More Info
View less
Disclaimer",https://www.domain.com.au/8-22-wilma-avenue-dandenong-vic-3175-2014626797,,"Insights for 1 bedroom units in Dandenong
Market performance
MEDIAN PRICE
: 
$230k
AUCTION CLEARANCE
: 
-
SOLD THIS YEAR
: 
15
AVG DAYS ON MARKET
: 
286
*Based on 1 bedroom Units in Dandenong
Demographics
POPULATION
: 
29,911
Occupancy: 
OWNER
: 
42%
RENTER
: 
58%
AVERAGE AGE
: 
20 to 39
Household: 
FAMILY
: 
51%
SINGLE
: 
49%
*Based on general data in Dandenong
View suburb profile"
dandenong-vic-3175,2/16 Gwenda Street Dandenong VIC 3175,"Stunning house sized villa
Nestled in a great location this spacious single level villa is flooded with natural light and offers a wonderful open and airy ambience that's ideal for the young family, downsizer seeking low maintenance living or an astute investor.
Features include:
-Three spacious bedrooms, master with full ensuite and WIR
-Two separate living zones
-Ducted heating and split system
-Garage with workshop area
-Inactive owners corporation
Recently renovated with new floor coverings, new window furnishings, new stainless steel kitchen appliances, freshly painted and fully landscaped low maintenance garden. Just walking distance to Dandenong High School, Dandenong Hospital and public transport, this is one you don't want to miss! Call Dennis on 0438 341 066 for further details.","SOLD - $540,000","3
Beds
2
Baths
2
Parking",Apartment / Unit / Flat,Sold prior to auction 13 Jan 2020,"2/16 Gwenda Street, Dandenong VIC 3175 was last sold in 2020 and 37 other 3 bedroom unit in Dandenong have recently been sold.","ALL
PRIMARY
SECONDARY
PRIVATE
GOVERNMENT SCHOOL CATCHMENT
Dandenong High School
0.3 km away
7-12CoEdGovernment
View Catchment
Dandenong North Primary School
0.7 km away
Prep-6CoEdGovernment
View Catchment
Southern Autistic School
13.9 km away
UCoEdGovernment
View Catchment
INDEPENDENT SCHOOLS
St Gerard's School
0.6 km away
Prep-6CoEdCatholic
More Info
SEDA College (Victoria) - AFL Dandenong Campus - Dandenong Oasis
1.1 km away
Private
More Info
SEDA College (Victoria) - Building and Construction - Dandenong
1.5 km away
Private
More Info
Berry Street School
1.6 km away
7-12CoEdPrivate
More Info
St Mary's School
1.9 km away
Prep-6CoEdCatholic
More Info
SEDA College (Victoria) - Basketball - Dandenong
2.1 km away
Private
More Info
St John's Regional College
2.2 km away
7-12CoEdCatholic
More Info
St Mary’s College for the Deaf – Dandenong Campus
2.3 km away
Catholic
More Info
Ilim College - Doveton Campus
2.7 km away
Private
More Info
Maranatha Christian School - Doveton Campus
2.8 km away
Private
More Info
View less
Disclaimer",https://www.domain.com.au/2-16-gwenda-street-dandenong-vic-3175-2015995616,"Building & Street Profiles
BUILDING
STREET
16 Gwenda St, 
Dandenong VIC 3175
PROPERTIES
3
RECENTLY SOLD
1
Owner/Renter:
OWNER
: 
65%
RENTER
: 
35%
How do we calculate this estimate?
View building profile
In this building, the most recent sale of another unit with 3 beds, 2 baths, 2 parking spaces was unit 2, which sold for $540k 9 months ago.
Why do prices vary in the same building?","Insights for 3 bedroom units in Dandenong
Market performance
MEDIAN PRICE
: 
$490k
AUCTION CLEARANCE
: 
-
SOLD THIS YEAR
: 
37
AVG DAYS ON MARKET
: 
124
*Based on 3 bedroom Units in Dandenong
Demographics
POPULATION
: 
29,911
Occupancy: 
OWNER
: 
42%
RENTER
: 
58%
AVERAGE AGE
: 
20 to 39
Household: 
FAMILY
: 
51%
SINGLE
: 
49%
*Based on general data in Dandenong
View suburb profile"
dandenong-vic-3175,7/35 Ann Street Dandenong VIC 3175,"Favoured Central Location!
Elevated 2 bedroom unit in an attractive and well maintained complex, walking distance to everything! Currently leased to a caring tenant since 2013. Returns $1,151 per calendar month ($13,812 pa). Can be sold vacant possession if required.
We have obtained all information above from sources we believe to be reliable; however, we cannot guarantee its accuracy. We do not accept any responsibility to any person for its accuracy and do no more than pass it on. All interested parties are advised to carry out their own investigations, and should make and rely upon their own enquiries in order to determine whether or not this information is in fact accurate.","SOLD - $280,000","2
Beds
1
Bath
1
Parking",Apartment / Unit / Flat,Sold by private treaty 10 Jan 2020,"7/35 Ann Street, Dandenong VIC 3175 was last sold in 2020 and 124 other 2 bedroom unit in Dandenong have recently been sold.","ALL
PRIMARY
SECONDARY
PRIVATE
GOVERNMENT SCHOOL CATCHMENT
Dandenong North Primary School
0.2 km away
Prep-6CoEdGovernment
View Catchment
Dandenong High School
0.5 km away
7-12CoEdGovernment
View Catchment
Southern Autistic School
14.6 km away
UCoEdGovernment
View Catchment
INDEPENDENT SCHOOLS
SEDA College (Victoria) - AFL Dandenong Campus - Dandenong Oasis
0.9 km away
Private
More Info
St Gerard's School
1.1 km away
Prep-6CoEdCatholic
More Info
St Mary's School
1.4 km away
Prep-6CoEdCatholic
More Info
SEDA College (Victoria) - Building and Construction - Dandenong
1.6 km away
Private
More Info
St John's Regional College
1.6 km away
7-12CoEdCatholic
More Info
St Mary’s College for the Deaf – Dandenong Campus
1.7 km away
Catholic
More Info
SEDA College (Victoria) - Basketball - Dandenong
1.9 km away
Private
More Info
Ilim College - Doveton Campus
2.1 km away
Private
More Info
Maranatha Christian School - Doveton Campus
2.2 km away
Private
More Info
Berry Street School
2.2 km away
7-12CoEdPrivate
More Info
View less
Disclaimer",https://www.domain.com.au/7-35-ann-street-dandenong-vic-3175-2015913944,"Building & Street Profiles
BUILDING
STREET
35 Ann St, 
Dandenong VIC 3175
PROPERTIES
18
RECENTLY SOLD
1
Owner/Renter:
OWNER
: 
50%
RENTER
: 
50%
How do we calculate this estimate?
View building profile
In this building, the most recent sale of another unit with 2 beds, 1 bath, 1 parking space was unit 7, which sold for $280k 10 months ago.
Why do prices vary in the same building?","Insights for 2 bedroom units in Dandenong
Market performance
MEDIAN PRICE
: 
$311k
AUCTION CLEARANCE
: 
70%
SOLD THIS YEAR
: 
124
AVG DAYS ON MARKET
: 
124
*Based on 2 bedroom Units in Dandenong
Demographics
POPULATION
: 
29,911
Occupancy: 
OWNER
: 
42%
RENTER
: 
58%
AVERAGE AGE
: 
20 to 39
Household: 
FAMILY
: 
51%
SINGLE
: 
49%
*Based on general data in Dandenong
View suburb profile"
dandenong-vic-3175,4/43 Canberra Avenue Dandenong VIC 3175,"LOW MAINTENANCE ELEGANCE WITH NO BODY CORP!!
Ray White Dandenong is proud to present this fantastic opportunity for all First home buyers, downsizing and astute investors looking to be nestled in a highly sought-after pocket of Dandenong. This well-maintained home is within a short distance to all amenities and provides the convenient and ideal lifestyle you have been searching for.
For all investors out there, potential rental return is $300 - $330pw.
Offering 2 very good-sized bedrooms with BIR, a spacious family area, dining/meals area which is adjacent to the delightful kitchen equipped with electric cooking, dishwasher and an abundance of cupboard space. The main bathroom, separate toilet and laundry make up the interior of this lovely home.
This home also includes a spacious courtyard which is ideal for all year round entertaining.
Features include: Aircon, wall heater, courtyard, ceiling fans, roller shutters, single lockup garage and much more.
Located within a stone's-throw away from Dandenong South Primary School, Dandenong Station, Dandenong Bypass/Eastlink, Dandenong Creek walking trail, public transport and recreational facilities. This home is all but ready for you to make it your own.
With the location and features like these, we would highly recommend you act soon before you see a SOLD sticker on the board!!
Call Ben Jusufi or Burak Gul for any further information!
*PHOTO I.D. REQUIRED UPON INSPECTION*
*All information contained therein is gathered from relevant third party sources. We cannot guarantee or give any warranty about the information provided. Interested parties must rely solely on their own enquiries.","SOLD - $370,000","2
Beds
1
Bath
2
Parking",Apartment / Unit / Flat,Sold by private treaty 10 Jan 2020,"4/43 Canberra Avenue, Dandenong VIC 3175 was last sold in 2020 and 124 other 2 bedroom unit in Dandenong have recently been sold.","ALL
PRIMARY
SECONDARY
PRIVATE
GOVERNMENT SCHOOL CATCHMENT
Dandenong South Primary School
0.4 km away
Prep-6CoEdGovernment
View Catchment
Dandenong High School
2 km away
7-12CoEdGovernment
View Catchment
Yarrabah School
9.9 km away
UCoEdGovernment
View Catchment
Southern Autistic School
15.1 km away
UCoEdGovernment
View Catchment
INDEPENDENT SCHOOLS
SEDA College (Victoria) - Building and Construction - Dandenong
1 km away
Private
More Info
St Mary's School
1.4 km away
Prep-6CoEdCatholic
More Info
St John's Regional College
1.8 km away
7-12CoEdCatholic
More Info
St Mary’s College for the Deaf – Dandenong Campus
1.9 km away
Catholic
More Info
Berry Street School
2.4 km away
7-12CoEdPrivate
More Info
Maranatha Christian School - Doveton Campus
2.8 km away
Private
More Info
Holy Family School
2.8 km away
Prep-6CoEdCatholic
More Info
St Gerard's School
2.9 km away
Prep-6CoEdCatholic
More Info
Ilim College - Doveton Campus
2.9 km away
Private
More Info
SEDA College (Victoria) - AFL Dandenong Campus - Dandenong Oasis
3.1 km away
Private
More Info
View less
Disclaimer",https://www.domain.com.au/4-43-canberra-avenue-dandenong-vic-3175-2015932707,"Building & Street Profiles
BUILDING
STREET
43 Canberra Av, 
Dandenong VIC 3175
PROPERTIES
4
RECENTLY SOLD
1
Owner/Renter:
OWNER
: 
75%
RENTER
: 
25%
How do we calculate this estimate?
View building profile
In this building, the most recent sale of another unit with 2 beds, 1 bath, 2 parking spaces was unit 4, which sold for $370k 9 months ago.
Why do prices vary in the same building?","Insights for 2 bedroom units in Dandenong
Market performance
MEDIAN PRICE
: 
$311k
AUCTION CLEARANCE
: 
70%
SOLD THIS YEAR
: 
124
AVG DAYS ON MARKET
: 
124
*Based on 2 bedroom Units in Dandenong
Demographics
POPULATION
: 
29,911
Occupancy: 
OWNER
: 
42%
RENTER
: 
58%
AVERAGE AGE
: 
20 to 39
Household: 
FAMILY
: 
51%
SINGLE
: 
49%
*Based on general data in Dandenong
View suburb profile"
